125 6963
2 1 4
3 1 5
4 1 6
4 2 7
4 3 8
5 1 7
5 2 8
5 3 9
5 4 10
6 1 8
6 2 9
6 3 10
6 4 11
6 5 12
7 1 9
7 2 10
7 3 11
7 4 12
7 5 13
7 6 14
8 1 10
8 2 11
8 3 12
8 4 13
8 5 14
8 6 15
8 7 16
9 1 11
9 2 12
9 3 13
9 4 14
9 5 15
9 6 16
9 7 17
9 8 18
10 1 12
10 2 13
10 3 14
10 4 15
10 5 16
10 6 17
10 7 18
10 8 19
10 9 20
11 1 13
11 2 14
11 3 15
11 4 16
11 5 17
11 6 18
11 7 19
11 8 20
11 9 21
11 10 22
12 2 15
12 3 16
12 4 17
12 5 18
12 6 19
12 7 20
12 10 23
12 11 24
13 1 15
13 3 17
13 4 18
13 5 19
13 6 20
13 7 21
13 8 22
13 9 23
13 10 24
13 11 25
13 12 26
14 1 16
14 2 17
14 3 18
14 4 19
14 5 20
14 8 23
14 9 24
14 10 25
14 11 26
14 12 27
15 1 17
15 3 19
15 4 20
15 5 21
15 7 23
15 8 24
15 9 25
15 10 26
15 13 29
15 14 30
16 1 18
16 2 19
16 4 21
16 5 22
16 6 23
16 7 24
16 8 25
16 9 26
16 10 27
16 11 28
16 12 29
16 13 30
16 14 31
16 15 32
17 1 19
17 2 20
17 3 21
17 4 22
17 5 23
17 6 24
17 7 25
17 8 26
17 9 27
17 10 28
17 11 29
17 12 30
17 13 31
17 14 32
17 15 33
17 16 34
18 1 20
18 2 21
18 3 22
18 4 23
18 5 24
18 6 25
18 7 26
18 8 27
18 9 28
18 10 29
18 11 30
18 12 31
18 13 32
18 14 33
18 15 34
18 16 35
18 17 36
19 1 21
19 2 22
19 3 23
19 4 24
19 5 25
19 6 26
19 7 27
19 8 28
19 9 29
19 10 30
19 11 31
19 12 32
19 13 33
19 14 34
19 15 35
19 16 36
19 17 37
19 18 38
20 1 22
20 3 24
20 4 25
20 6 27
20 7 28
20 8 29
20 9 30
20 11 32
20 12 33
20 13 34
20 14 35
20 15 36
20 16 37
20 17 38
20 18 39
21 1 23
21 2 24
21 3 25
21 4 26
21 5 27
21 6 28
21 7 29
21 8 30
21 9 31
21 10 32
21 11 33
21 12 34
21 13 35
21 14 36
21 15 37
21 17 39
21 18 40
21 19 41
21 20 42
22 1 24
22 2 25
22 6 29
22 7 30
22 8 31
22 9 32
22 10 33
22 11 34
22 12 35
22 13 36
22 14 37
22 15 38
22 16 39
22 17 40
22 18 41
22 19 42
22 20 43
22 21 44
23 1 25
23 2 26
23 3 27
23 4 28
23 6 30
23 7 31
23 8 32
23 9 33
23 10 34
23 11 35
23 12 36
23 13 37
23 14 38
23 15 39
23 17 41
23 18 42
23 19 43
23 20 44
23 21 45
24 1 26
24 2 27
24 3 28
24 4 29
24 5 30
24 6 31
24 7 32
24 8 33
24 9 34
24 10 35
24 11 36
24 12 37
24 13 38
24 14 39
24 15 40
24 16 41
24 17 42
24 18 43
24 19 44
24 20 45
24 22 47
24 23 48
25 1 27
25 2 28
25 3 29
25 5 31
25 6 32
25 7 33
25 8 34
25 9 35
25 10 36
25 11 37
25 12 38
25 13 39
25 14 40
25 15 41
25 17 43
25 18 44
25 19 45
25 20 46
25 22 48
25 24 50
26 1 28
26 2 29
26 3 30
26 4 31
26 5 32
26 6 33
26 7 34
26 8 35
26 10 37
26 12 39
26 13 40
26 14 41
26 15 42
26 16 43
26 17 44
26 18 45
26 19 46
26 20 47
26 21 48
26 22 49
26 23 50
26 24 1
26 25 2
27 1 29
27 2 30
27 3 31
27 4 32
27 6 34
27 7 35
27 8 36
27 9 37
27 10 38
27 11 39
27 12 40
27 13 41
27 14 42
27 15 43
27 16 44
27 17 45
27 19 47
27 20 48
27 22 50
27 23 1
27 24 2
27 25 3
28 1 30
28 2 31
28 3 32
28 4 33
28 6 35
28 7 36
28 8 37
28 9 38
28 10 39
28 11 40
28 12 41
28 13 42
28 15 44
28 16 45
28 17 46
28 18 47
28 19 48
28 20 49
28 21 50
28 22 1
28 23 2
28 24 3
28 26 5
28 27 6
29 1 31
29 2 32
29 3 33
29 4 34
29 5 35
29 6 36
29 7 37
29 8 38
29 9 39
29 11 41
29 12 42
29 13 43
29 14 44
29 15 45
29 17 47
29 18 48
29 19 49
29 20 50
29 21 1
29 22 2
29 23 3
29 24 4
29 25 5
29 26 6
29 27 7
29 28 8
30 1 32
30 2 33
30 3 34
30 4 35
30 5 36
30 6 37
30 8 39
30 9 40
30 10 41
30 11 42
30 12 43
30 13 44
30 14 45
30 15 46
30 16 47
30 19 50
30 20 1
30 22 3
30 23 4
30 24 5
30 25 6
30 26 7
30 27 8
30 28 9
30 29 10
31 1 33
31 2 34
31 5 37
31 7 39
31 8 40
31 9 41
31 10 42
31 11 43
31 12 44
31 13 45
31 14 46
31 15 47
31 16 48
31 17 49
31 18 50
31 19 1
31 20 2
31 21 3
31 23 5
31 24 6
31 25 7
31 26 8
31 29 11
31 30 12
32 1 34
32 2 35
32 3 36
32 4 37
32 5 38
32 6 39
32 7 40
32 8 41
32 10 43
32 11 44
32 12 45
32 13 46
32 14 47
32 16 49
32 17 50
32 18 1
32 19 2
32 20 3
32 21 4
32 22 5
32 24 7
32 25 8
32 26 9
32 27 10
32 28 11
32 29 12
32 30 13
32 31 14
33 1 35
33 2 36
33 3 37
33 4 38
33 6 40
33 7 41
33 8 42
33 9 43
33 11 45
33 13 47
33 14 48
33 15 49
33 16 50
33 18 2
33 19 3
33 20 4
33 21 5
33 22 6
33 23 7
33 24 8
33 25 9
33 26 10
33 27 11
33 28 12
33 29 13
33 30 14
33 31 15
33 32 16
34 1 36
34 2 37
34 5 40
34 6 41
34 7 42
34 8 43
34 9 44
34 11 46
34 12 47
34 13 48
34 14 49
34 15 50
34 16 1
34 17 2
34 18 3
34 19 4
34 20 5
34 21 6
34 22 7
34 23 8
34 24 9
34 25 10
34 26 11
34 27 12
34 28 13
34 29 14
34 30 15
34 31 16
34 33 18
35 1 37
35 2 38
35 4 40
35 5 41
35 6 42
35 7 43
35 8 44
35 9 45
35 10 46
35 11 47
35 12 48
35 13 49
35 15 1
35 16 2
35 17 3
35 18 4
35 19 5
35 21 7
35 22 8
35 23 9
35 24 10
35 26 12
35 27 13
35 28 14
35 29 15
35 30 16
35 31 17
35 32 18
35 33 19
35 34 20
36 1 38
36 2 39
36 3 40
36 4 41
36 5 42
36 6 43
36 7 44
36 8 45
36 9 46
36 10 47
36 11 48
36 12 49
36 13 50
36 14 1
36 15 2
36 16 3
36 17 4
36 18 5
36 19 6
36 20 7
36 21 8
36 22 9
36 23 10
36 24 11
36 25 12
36 26 13
36 27 14
36 28 15
36 29 16
36 30 17
36 31 18
36 32 19
36 34 21
36 35 22
37 2 40
37 3 41
37 4 42
37 5 43
37 6 44
37 7 45
37 8 46
37 9 47
37 10 48
37 11 49
37 12 50
37 13 1
37 14 2
37 15 3
37 16 4
37 17 5
37 18 6
37 19 7
37 20 8
37 21 9
37 23 11
37 24 12
37 25 13
37 27 15
37 28 16
37 29 17
37 30 18
37 31 19
37 32 20
37 33 21
37 34 22
37 35 23
37 36 24
38 1 40
38 2 41
38 3 42
38 4 43
38 6 45
38 7 46
38 8 47
38 9 48
38 10 49
38 11 50
38 12 1
38 13 2
38 14 3
38 16 5
38 17 6
38 18 7
38 19 8
38 20 9
38 22 11
38 23 12
38 24 13
38 26 15
38 27 16
38 29 18
38 30 19
38 31 20
38 32 21
38 33 22
38 34 23
38 35 24
38 36 25
38 37 26
39 1 41
39 2 42
39 3 43
39 4 44
39 5 45
39 6 46
39 7 47
39 8 48
39 9 49
39 10 50
39 11 1
39 12 2
39 13 3
39 14 4
39 15 5
39 16 6
39 17 7
39 18 8
39 19 9
39 20 10
39 21 11
39 22 12
39 23 13
39 24 14
39 25 15
39 26 16
39 27 17
39 28 18
39 29 19
39 30 20
39 31 21
39 32 22
39 33 23
39 34 24
39 35 25
39 36 26
39 37 27
39 38 28
40 1 42
40 2 43
40 3 44
40 4 45
40 5 46
40 6 47
40 7 48
40 9 50
40 10 1
40 11 2
40 12 3
40 13 4
40 14 5
40 15 6
40 17 8
40 18 9
40 19 10
40 20 11
40 21 12
40 22 13
40 23 14
40 24 15
40 25 16
40 26 17
40 27 18
40 28 19
40 29 20
40 30 21
40 31 22
40 32 23
40 33 24
40 34 25
40 35 26
40 36 27
40 38 29
40 39 30
41 1 43
41 2 44
41 3 45
41 4 46
41 5 47
41 6 48
41 7 49
41 8 50
41 9 1
41 10 2
41 11 3
41 12 4
41 13 5
41 14 6
41 15 7
41 16 8
41 17 9
41 18 10
41 19 11
41 20 12
41 21 13
41 22 14
41 24 16
41 25 17
41 26 18
41 27 19
41 28 20
41 29 21
41 30 22
41 31 23
41 32 24
41 33 25
41 34 26
41 35 27
41 36 28
41 38 30
41 39 31
41 40 32
42 2 45
42 4 47
42 5 48
42 6 49
42 7 50
42 8 1
42 9 2
42 10 3
42 11 4
42 12 5
42 13 6
42 15 8
42 16 9
42 18 11
42 19 12
42 20 13
42 21 14
42 22 15
42 23 16
42 24 17
42 26 19
42 27 20
42 28 21
42 29 22
42 30 23
42 31 24
42 32 25
42 33 26
42 35 28
42 36 29
42 37 30
42 38 31
42 39 32
42 40 33
42 41 34
43 1 45
43 2 46
43 3 47
43 4 48
43 5 49
43 6 50
43 7 1
43 8 2
43 9 3
43 10 4
43 11 5
43 13 7
43 14 8
43 15 9
43 16 10
43 18 12
43 19 13
43 20 14
43 21 15
43 22 16
43 23 17
43 24 18
43 25 19
43 26 20
43 27 21
43 28 22
43 29 23
43 30 24
43 31 25
43 32 26
43 33 27
43 34 28
43 35 29
43 36 30
43 38 32
43 39 33
43 40 34
43 41 35
43 42 36
44 1 46
44 2 47
44 3 48
44 4 49
44 5 50
44 6 1
44 7 2
44 9 4
44 10 5
44 11 6
44 12 7
44 13 8
44 14 9
44 15 10
44 17 12
44 18 13
44 19 14
44 20 15
44 21 16
44 22 17
44 23 18
44 24 19
44 25 20
44 26 21
44 28 23
44 29 24
44 31 26
44 32 27
44 33 28
44 34 29
44 35 30
44 36 31
44 37 32
44 38 33
44 39 34
44 40 35
44 41 36
44 42 37
44 43 38
45 1 47
45 2 48
45 3 49
45 4 50
45 5 1
45 6 2
45 7 3
45 8 4
45 9 5
45 10 6
45 11 7
45 12 8
45 13 9
45 14 10
45 15 11
45 16 12
45 17 13
45 18 14
45 19 15
45 20 16
45 21 17
45 22 18
45 23 19
45 24 20
45 25 21
45 26 22
45 27 23
45 28 24
45 29 25
45 30 26
45 31 27
45 32 28
45 33 29
45 34 30
45 35 31
45 36 32
45 37 33
45 38 34
45 39 35
45 40 36
45 41 37
45 42 38
45 43 39
45 44 40
46 1 48
46 2 49
46 3 50
46 4 1
46 5 2
46 6 3
46 7 4
46 8 5
46 10 7
46 11 8
46 12 9
46 13 10
46 14 11
46 15 12
46 16 13
46 17 14
46 18 15
46 19 16
46 20 17
46 21 18
46 22 19
46 23 20
46 24 21
46 25 22
46 26 23
46 27 24
46 28 25
46 30 27
46 31 28
46 32 29
46 33 30
46 34 31
46 35 32
46 36 33
46 37 34
46 39 36
46 40 37
46 41 38
46 43 40
46 44 41
46 45 42
47 1 49
47 2 50
47 3 1
47 4 2
47 5 3
47 6 4
47 7 5
47 8 6
47 9 7
47 10 8
47 11 9
47 12 10
47 13 11
47 14 12
47 15 13
47 16 14
47 17 15
47 18 16
47 19 17
47 20 18
47 21 19
47 22 20
47 23 21
47 24 22
47 25 23
47 26 24
47 27 25
47 28 26
47 29 27
47 30 28
47 31 29
47 32 30
47 33 31
47 34 32
47 35 33
47 36 34
47 37 35
47 38 36
47 39 37
47 40 38
47 41 39
47 42 40
47 43 41
47 44 42
47 45 43
48 1 50
48 2 1
48 3 2
48 5 4
48 6 5
48 7 6
48 8 7
48 9 8
48 10 9
48 11 10
48 12 11
48 14 13
48 15 14
48 16 15
48 17 16
48 18 17
48 19 18
48 20 19
48 21 20
48 22 21
48 23 22
48 24 23
48 25 24
48 26 25
48 27 26
48 29 28
48 30 29
48 31 30
48 32 31
48 33 32
48 34 33
48 35 34
48 36 35
48 38 37
48 39 38
48 40 39
48 41 40
48 42 41
48 43 42
48 44 43
48 45 44
48 46 45
48 47 46
49 1 1
49 2 2
49 3 3
49 4 4
49 5 5
49 6 6
49 7 7
49 8 8
49 9 9
49 10 10
49 11 11
49 12 12
49 13 13
49 14 14
49 15 15
49 16 16
49 17 17
49 18 18
49 19 19
49 20 20
49 21 21
49 22 22
49 23 23
49 24 24
49 25 25
49 26 26
49 27 27
49 28 28
49 29 29
49 30 30
49 31 31
49 32 32
49 33 33
49 34 34
49 35 35
49 36 36
49 37 37
49 38 38
49 39 39
49 40 40
49 42 42
49 43 43
49 44 44
49 45 45
49 46 46
49 47 47
49 48 48
50 1 2
50 2 3
50 3 4
50 4 5
50 5 6
50 6 7
50 7 8
50 8 9
50 9 10
50 10 11
50 11 12
50 12 13
50 13 14
50 14 15
50 15 16
50 16 17
50 18 19
50 19 20
50 20 21
50 21 22
50 22 23
50 24 25
50 25 26
50 26 27
50 28 29
50 29 30
50 31 32
50 32 33
50 33 34
50 34 35
50 35 36
50 37 38
50 38 39
50 39 40
50 40 41
50 41 42
50 42 43
50 43 44
50 44 45
50 45 46
50 47 48
50 48 49
50 49 50
51 1 3
51 2 4
51 3 5
51 4 6
51 5 7
51 6 8
51 7 9
51 8 10
51 9 11
51 10 12
51 12 14
51 13 15
51 14 16
51 16 18
51 17 19
51 18 20
51 19 21
51 20 22
51 21 23
51 22 24
51 23 25
51 24 26
51 25 27
51 26 28
51 27 29
51 28 30
51 29 31
51 30 32
51 31 33
51 33 35
51 34 36
51 35 37
51 37 39
51 39 41
51 40 42
51 41 43
51 43 45
51 44 46
51 45 47
51 46 48
51 47 49
51 49 1
51 50 2
52 1 4
52 2 5
52 3 6
52 4 7
52 5 8
52 6 9
52 7 10
52 8 11
52 9 12
52 10 13
52 11 14
52 12 15
52 13 16
52 14 17
52 15 18
52 16 19
52 17 20
52 19 22
52 20 23
52 21 24
52 22 25
52 23 26
52 24 27
52 25 28
52 27 30
52 28 31
52 29 32
52 30 33
52 31 34
52 32 35
52 33 36
52 34 37
52 35 38
52 36 39
52 37 40
52 38 41
52 39 42
52 40 43
52 41 44
52 42 45
52 43 46
52 44 47
52 45 48
52 47 50
52 49 2
52 50 3
52 51 4
53 3 7
53 4 8
53 5 9
53 6 10
53 7 11
53 8 12
53 9 13
53 10 14
53 11 15
53 12 16
53 13 17
53 14 18
53 15 19
53 17 21
53 18 22
53 19 23
53 20 24
53 21 25
53 22 26
53 23 27
53 24 28
53 25 29
53 26 30
53 27 31
53 28 32
53 30 34
53 31 35
53 32 36
53 33 37
53 34 38
53 35 39
53 36 40
53 37 41
53 38 42
53 39 43
53 40 44
53 41 45
53 42 46
53 43 47
53 45 49
53 46 50
53 47 1
53 48 2
53 49 3
53 50 4
53 51 5
53 52 6
54 1 6
54 2 7
54 3 8
54 4 9
54 5 10
54 6 11
54 7 12
54 8 13
54 9 14
54 11 16
54 12 17
54 13 18
54 14 19
54 15 20
54 16 21
54 17 22
54 18 23
54 19 24
54 20 25
54 21 26
54 22 27
54 23 28
54 24 29
54 25 30
54 26 31
54 27 32
54 28 33
54 29 34
54 31 36
54 32 37
54 33 38
54 34 39
54 35 40
54 36 41
54 37 42
54 38 43
54 39 44
54 40 45
54 41 46
54 42 47
54 43 48
54 44 49
54 45 50
54 46 1
54 47 2
54 48 3
54 49 4
54 50 5
54 51 6
54 52 7
54 53 8
55 1 7
55 3 9
55 4 10
55 5 11
55 6 12
55 7 13
55 8 14
55 9 15
55 10 16
55 11 17
55 12 18
55 13 19
55 14 20
55 15 21
55 16 22
55 17 23
55 18 24
55 19 25
55 20 26
55 21 27
55 22 28
55 23 29
55 24 30
55 25 31
55 26 32
55 27 33
55 28 34
55 29 35
55 30 36
55 31 37
55 32 38
55 33 39
55 34 40
55 35 41
55 36 42
55 37 43
55 38 44
55 39 45
55 40 46
55 42 48
55 43 49
55 44 50
55 45 1
55 46 2
55 47 3
55 49 5
55 50 6
55 51 7
55 52 8
55 54 10
56 4 11
56 5 12
56 6 13
56 7 14
56 8 15
56 9 16
56 10 17
56 11 18
56 12 19
56 13 20
56 14 21
56 15 22
56 16 23
56 18 25
56 19 26
56 20 27
56 21 28
56 22 29
56 23 30
56 24 31
56 25 32
56 27 34
56 28 35
56 29 36
56 30 37
56 31 38
56 32 39
56 33 40
56 34 41
56 35 42
56 37 44
56 38 45
56 40 47
56 41 48
56 42 49
56 43 50
56 45 2
56 46 3
56 47 4
56 48 5
56 49 6
56 50 7
56 51 8
56 52 9
56 53 10
56 54 11
57 1 9
57 2 10
57 4 12
57 5 13
57 6 14
57 7 15
57 8 16
57 9 17
57 10 18
57 11 19
57 12 20
57 13 21
57 14 22
57 16 24
57 17 25
57 19 27
57 20 28
57 22 30
57 23 31
57 24 32
57 25 33
57 26 34
57 28 36
57 29 37
57 30 38
57 31 39
57 32 40
57 33 41
57 34 42
57 35 43
57 36 44
57 37 45
57 38 46
57 39 47
57 40 48
57 41 49
57 42 50
57 43 1
57 45 3
57 46 4
57 47 5
57 50 8
57 51 9
57 52 10
57 54 12
57 55 13
57 56 14
58 1 10
58 2 11
58 3 12
58 4 13
58 5 14
58 6 15
58 9 18
58 10 19
58 11 20
58 12 21
58 13 22
58 14 23
58 15 24
58 16 25
58 17 26
58 18 27
58 19 28
58 20 29
58 21 30
58 22 31
58 23 32
58 24 33
58 25 34
58 26 35
58 27 36
58 28 37
58 29 38
58 30 39
58 31 40
58 32 41
58 33 42
58 35 44
58 36 45
58 37 46
58 38 47
58 39 48
58 40 49
58 41 50
58 42 1
58 43 2
58 44 3
58 45 4
58 46 5
58 47 6
58 48 7
58 49 8
58 51 10
58 52 11
58 53 12
58 54 13
58 55 14
58 56 15
58 57 16
59 1 11
59 2 12
59 3 13
59 4 14
59 5 15
59 6 16
59 7 17
59 8 18
59 9 19
59 10 20
59 12 22
59 13 23
59 14 24
59 15 25
59 16 26
59 17 27
59 18 28
59 19 29
59 20 30
59 21 31
59 22 32
59 23 33
59 24 34
59 25 35
59 26 36
59 27 37
59 28 38
59 29 39
59 30 40
59 31 41
59 32 42
59 33 43
59 34 44
59 35 45
59 36 46
59 37 47
59 38 48
59 40 50
59 41 1
59 42 2
59 43 3
59 44 4
59 45 5
59 46 6
59 47 7
59 48 8
59 50 10
59 51 11
59 52 12
59 53 13
59 54 14
59 55 15
59 56 16
59 57 17
59 58 18
60 1 12
60 2 13
60 3 14
60 4 15
60 5 16
60 6 17
60 7 18
60 8 19
60 9 20
60 10 21
60 11 22
60 12 23
60 13 24
60 14 25
60 15 26
60 16 27
60 18 29
60 20 31
60 21 32
60 22 33
60 23 34
60 24 35
60 25 36
60 26 37
60 27 38
60 28 39
60 29 40
60 30 41
60 31 42
60 32 43
60 33 44
60 34 45
60 35 46
60 37 48
60 38 49
60 39 50
60 40 1
60 41 2
60 42 3
60 43 4
60 44 5
60 45 6
60 46 7
60 47 8
60 48 9
60 49 10
60 50 11
60 51 12
60 52 13
60 53 14
60 54 15
60 55 16
60 56 17
60 57 18
60 58 19
60 59 20
61 1 13
61 2 14
61 3 15
61 4 16
61 5 17
61 6 18
61 7 19
61 8 20
61 9 21
61 10 22
61 11 23
61 12 24
61 13 25
61 14 26
61 15 27
61 16 28
61 17 29
61 18 30
61 20 32
61 21 33
61 23 35
61 24 36
61 25 37
61 26 38
61 27 39
61 28 40
61 29 41
61 30 42
61 31 43
61 32 44
61 33 45
61 34 46
61 37 49
61 38 50
61 39 1
61 40 2
61 41 3
61 43 5
61 44 6
61 45 7
61 46 8
61 48 10
61 49 11
61 50 12
61 51 13
61 53 15
61 54 16
61 55 17
61 56 18
61 57 19
61 58 20
61 59 21
61 60 22
62 1 14
62 2 15
62 3 16
62 4 17
62 5 18
62 6 19
62 7 20
62 8 21
62 9 22
62 10 23
62 11 24
62 12 25
62 13 26
62 14 27
62 15 28
62 16 29
62 17 30
62 19 32
62 20 33
62 22 35
62 23 36
62 25 38
62 26 39
62 28 41
62 29 42
62 30 43
62 31 44
62 33 46
62 35 48
62 36 49
62 37 50
62 38 1
62 39 2
62 40 3
62 41 4
62 42 5
62 43 6
62 44 7
62 45 8
62 46 9
62 48 11
62 49 12
62 50 13
62 51 14
62 52 15
62 53 16
62 54 17
62 55 18
62 56 19
62 57 20
62 58 21
62 59 22
62 60 23
62 61 24
63 1 15
63 2 16
63 3 17
63 4 18
63 5 19
63 6 20
63 7 21
63 8 22
63 9 23
63 10 24
63 11 25
63 12 26
63 13 27
63 15 29
63 16 30
63 17 31
63 18 32
63 19 33
63 20 34
63 21 35
63 22 36
63 23 37
63 24 38
63 26 40
63 27 41
63 28 42
63 29 43
63 30 44
63 31 45
63 33 47
63 34 48
63 35 49
63 36 50
63 37 1
63 38 2
63 39 3
63 40 4
63 41 5
63 43 7
63 44 8
63 45 9
63 46 10
63 47 11
63 48 12
63 49 13
63 50 14
63 52 16
63 53 17
63 54 18
63 56 20
63 57 21
63 58 22
63 59 23
63 60 24
63 61 25
63 62 26
64 1 16
64 2 17
64 3 18
64 4 19
64 5 20
64 6 21
64 7 22
64 8 23
64 10 25
64 11 26
64 12 27
64 13 28
64 15 30
64 18 33
64 19 34
64 20 35
64 21 36
64 22 37
64 23 38
64 24 39
64 26 41
64 27 42
64 29 44
64 30 45
64 31 46
64 32 47
64 33 48
64 35 50
64 36 1
64 37 2
64 38 3
64 39 4
64 40 5
64 41 6
64 42 7
64 43 8
64 44 9
64 45 10
64 46 11
64 47 12
64 48 13
64 49 14
64 50 15
64 51 16
64 52 17
64 53 18
64 54 19
64 55 20
64 56 21
64 57 22
64 58 23
64 59 24
64 60 25
64 61 26
64 62 27
64 63 28
65 1 17
65 2 18
65 4 20
65 5 21
65 7 23
65 8 24
65 9 25
65 10 26
65 11 27
65 12 28
65 14 30
65 15 31
65 16 32
65 17 33
65 19 35
65 20 36
65 21 37
65 22 38
65 23 39
65 24 40
65 25 41
65 26 42
65 27 43
65 28 44
65 29 45
65 30 46
65 31 47
65 32 48
65 33 49
65 34 50
65 35 1
65 36 2
65 37 3
65 38 4
65 39 5
65 40 6
65 41 7
65 42 8
65 44 10
65 45 11
65 46 12
65 47 13
65 48 14
65 49 15
65 50 16
65 51 17
65 52 18
65 53 19
65 54 20
65 55 21
65 56 22
65 57 23
65 58 24
65 60 26
65 61 27
65 62 28
65 63 29
65 64 30
66 1 18
66 3 20
66 4 21
66 5 22
66 6 23
66 7 24
66 8 25
66 9 26
66 10 27
66 11 28
66 12 29
66 13 30
66 14 31
66 15 32
66 16 33
66 17 34
66 18 35
66 19 36
66 20 37
66 22 39
66 23 40
66 24 41
66 25 42
66 26 43
66 27 44
66 28 45
66 29 46
66 30 47
66 31 48
66 32 49
66 33 50
66 34 1
66 35 2
66 36 3
66 37 4
66 38 5
66 39 6
66 40 7
66 41 8
66 42 9
66 43 10
66 44 11
66 45 12
66 46 13
66 47 14
66 48 15
66 49 16
66 50 17
66 51 18
66 52 19
66 53 20
66 54 21
66 55 22
66 57 24
66 58 25
66 59 26
66 60 27
66 62 29
66 63 30
66 64 31
66 65 32
67 2 20
67 3 21
67 4 22
67 5 23
67 6 24
67 7 25
67 8 26
67 9 27
67 10 28
67 11 29
67 12 30
67 13 31
67 14 32
67 16 34
67 17 35
67 18 36
67 19 37
67 20 38
67 21 39
67 22 40
67 23 41
67 24 42
67 25 43
67 26 44
67 27 45
67 28 46
67 29 47
67 30 48
67 31 49
67 33 1
67 34 2
67 35 3
67 36 4
67 37 5
67 38 6
67 39 7
67 40 8
67 41 9
67 42 10
67 43 11
67 44 12
67 45 13
67 46 14
67 47 15
67 48 16
67 49 17
67 50 18
67 51 19
67 52 20
67 53 21
67 54 22
67 55 23
67 56 24
67 57 25
67 58 26
67 59 27
67 60 28
67 61 29
67 62 30
67 63 31
67 64 32
67 65 33
67 66 34
68 1 20
68 2 21
68 3 22
68 5 24
68 6 25
68 7 26
68 8 27
68 9 28
68 10 29
68 11 30
68 13 32
68 14 33
68 15 34
68 18 37
68 19 38
68 20 39
68 21 40
68 22 41
68 23 42
68 24 43
68 25 44
68 26 45
68 27 46
68 28 47
68 29 48
68 31 50
68 33 2
68 34 3
68 35 4
68 36 5
68 37 6
68 38 7
68 39 8
68 40 9
68 41 10
68 42 11
68 43 12
68 44 13
68 45 14
68 46 15
68 47 16
68 48 17
68 49 18
68 50 19
68 51 20
68 52 21
68 53 22
68 54 23
68 55 24
68 56 25
68 57 26
68 58 27
68 59 28
68 60 29
68 61 30
68 63 32
68 64 33
68 65 34
68 66 35
68 67 36
69 1 21
69 2 22
69 3 23
69 5 25
69 6 26
69 7 27
69 8 28
69 10 30
69 11 31
69 12 32
69 13 33
69 14 34
69 15 35
69 16 36
69 17 37
69 18 38
69 19 39
69 20 40
69 21 41
69 22 42
69 24 44
69 25 45
69 26 46
69 27 47
69 28 48
69 29 49
69 30 50
69 31 1
69 32 2
69 33 3
69 34 4
69 35 5
69 36 6
69 37 7
69 38 8
69 39 9
69 40 10
69 41 11
69 42 12
69 43 13
69 44 14
69 45 15
69 46 16
69 47 17
69 48 18
69 50 20
69 52 22
69 53 23
69 54 24
69 55 25
69 56 26
69 57 27
69 58 28
69 59 29
69 60 30
69 61 31
69 62 32
69 63 33
69 64 34
69 65 35
69 66 36
69 67 37
69 68 38
70 1 22
70 2 23
70 3 24
70 4 25
70 5 26
70 7 28
70 8 29
70 9 30
70 10 31
70 11 32
70 12 33
70 13 34
70 14 35
70 15 36
70 16 37
70 17 38
70 18 39
70 19 40
70 21 42
70 22 43
70 24 45
70 25 46
70 26 47
70 27 48
70 28 49
70 29 50
70 30 1
70 31 2
70 32 3
70 33 4
70 34 5
70 35 6
70 36 7
70 37 8
70 38 9
70 39 10
70 40 11
70 42 13
70 44 15
70 45 16
70 46 17
70 47 18
70 48 19
70 49 20
70 50 21
70 51 22
70 52 23
70 53 24
70 54 25
70 55 26
70 56 27
70 57 28
70 58 29
70 59 30
70 60 31
70 61 32
70 62 33
70 63 34
70 64 35
70 65 36
70 66 37
70 67 38
70 68 39
70 69 40
71 1 23
71 2 24
71 3 25
71 4 26
71 5 27
71 6 28
71 7 29
71 8 30
71 9 31
71 11 33
71 12 34
71 16 38
71 17 39
71 18 40
71 19 41
71 20 42
71 22 44
71 23 45
71 24 46
71 25 47
71 26 48
71 27 49
71 28 50
71 29 1
71 31 3
71 32 4
71 34 6
71 35 7
71 37 9
71 38 10
71 39 11
71 40 12
71 41 13
71 42 14
71 44 16
71 45 17
71 46 18
71 47 19
71 48 20
71 49 21
71 50 22
71 51 23
71 53 25
71 54 26
71 55 27
71 56 28
71 57 29
71 58 30
71 59 31
71 60 32
71 61 33
71 62 34
71 63 35
71 64 36
71 65 37
71 66 38
71 67 39
71 68 40
71 69 41
71 70 42
72 1 24
72 2 25
72 3 26
72 4 27
72 5 28
72 6 29
72 7 30
72 8 31
72 9 32
72 10 33
72 11 34
72 12 35
72 13 36
72 14 37
72 15 38
72 18 41
72 19 42
72 20 43
72 21 44
72 22 45
72 23 46
72 24 47
72 25 48
72 27 50
72 29 2
72 30 3
72 31 4
72 32 5
72 33 6
72 34 7
72 35 8
72 36 9
72 37 10
72 38 11
72 39 12
72 40 13
72 41 14
72 42 15
72 43 16
72 44 17
72 45 18
72 46 19
72 47 20
72 48 21
72 49 22
72 50 23
72 51 24
72 53 26
72 54 27
72 55 28
72 56 29
72 57 30
72 58 31
72 59 32
72 60 33
72 61 34
72 62 35
72 63 36
72 64 37
72 66 39
72 67 40
72 68 41
72 69 42
72 70 43
72 71 44
73 1 25
73 2 26
73 3 27
73 4 28
73 5 29
73 6 30
73 7 31
73 8 32
73 9 33
73 10 34
73 11 35
73 12 36
73 13 37
73 15 39
73 16 40
73 17 41
73 18 42
73 19 43
73 20 44
73 21 45
73 22 46
73 23 47
73 24 48
73 25 49
73 26 50
73 27 1
73 28 2
73 30 4
73 32 6
73 33 7
73 34 8
73 35 9
73 37 11
73 38 12
73 39 13
73 41 15
73 42 16
73 44 18
73 45 19
73 46 20
73 47 21
73 48 22
73 49 23
73 50 24
73 52 26
73 53 27
73 54 28
73 55 29
73 56 30
73 57 31
73 58 32
73 60 34
73 61 35
73 62 36
73 63 37
73 64 38
73 65 39
73 66 40
73 67 41
73 69 43
73 70 44
73 71 45
73 72 46
74 1 26
74 2 27
74 3 28
74 4 29
74 6 31
74 7 32
74 8 33
74 10 35
74 11 36
74 12 37
74 13 38
74 14 39
74 15 40
74 17 42
74 18 43
74 19 44
74 21 46
74 22 47
74 23 48
74 24 49
74 25 50
74 26 1
74 28 3
74 29 4
74 30 5
74 31 6
74 32 7
74 33 8
74 34 9
74 35 10
74 36 11
74 37 12
74 38 13
74 39 14
74 41 16
74 42 17
74 43 18
74 44 19
74 45 20
74 46 21
74 47 22
74 48 23
74 49 24
74 50 25
74 52 27
74 53 28
74 54 29
74 56 31
74 58 33
74 59 34
74 60 35
74 61 36
74 62 37
74 64 39
74 65 40
74 67 42
74 68 43
74 69 44
74 70 45
74 71 46
74 72 47
74 73 48
75 1 27
75 3 29
75 4 30
75 5 31
75 6 32
75 7 33
75 8 34
75 9 35
75 10 36
75 11 37
75 12 38
75 13 39
75 14 40
75 16 42
75 17 43
75 18 44
75 19 45
75 20 46
75 21 47
75 22 48
75 23 49
75 24 50
75 25 1
75 26 2
75 27 3
75 28 4
75 29 5
75 30 6
75 31 7
75 33 9
75 35 11
75 38 14
75 39 15
75 41 17
75 42 18
75 43 19
75 44 20
75 45 21
75 46 22
75 47 23
75 48 24
75 49 25
75 50 26
75 51 27
75 52 28
75 53 29
75 54 30
75 55 31
75 56 32
75 57 33
75 58 34
75 60 36
75 61 37
75 62 38
75 63 39
75 64 40
75 65 41
75 66 42
75 67 43
75 68 44
75 69 45
75 70 46
75 73 49
75 74 50
76 1 28
76 2 29
76 3 30
76 5 32
76 6 33
76 7 34
76 8 35
76 9 36
76 10 37
76 11 38
76 13 40
76 14 41
76 15 42
76 17 44
76 18 45
76 19 46
76 20 47
76 21 48
76 22 49
76 23 50
76 24 1
76 25 2
76 26 3
76 27 4
76 30 7
76 32 9
76 33 10
76 34 11
76 36 13
76 37 14
76 40 17
76 41 18
76 42 19
76 43 20
76 44 21
76 46 23
76 47 24
76 48 25
76 49 26
76 51 28
76 52 29
76 54 31
76 55 32
76 56 33
76 57 34
76 58 35
76 59 36
76 60 37
76 61 38
76 62 39
76 63 40
76 64 41
76 65 42
76 66 43
76 67 44
76 68 45
76 69 46
76 70 47
76 71 48
76 73 50
76 74 1
77 1 29
77 2 30
77 3 31
77 5 33
77 6 34
77 7 35
77 8 36
77 9 37
77 10 38
77 11 39
77 12 40
77 13 41
77 14 42
77 16 44
77 17 45
77 18 46
77 19 47
77 20 48
77 21 49
77 22 50
77 23 1
77 24 2
77 25 3
77 26 4
77 27 5
77 28 6
77 29 7
77 30 8
77 31 9
77 32 10
77 34 12
77 35 13
77 36 14
77 37 15
77 38 16
77 40 18
77 41 19
77 42 20
77 43 21
77 44 22
77 45 23
77 46 24
77 47 25
77 48 26
77 49 27
77 50 28
77 51 29
77 52 30
77 53 31
77 54 32
77 55 33
77 56 34
77 57 35
77 58 36
77 59 37
77 60 38
77 61 39
77 62 40
77 64 42
77 65 43
77 66 44
77 67 45
77 68 46
77 69 47
77 70 48
77 71 49
77 72 50
77 73 1
77 74 2
77 75 3
77 76 4
78 1 30
78 2 31
78 3 32
78 4 33
78 5 34
78 8 37
78 9 38
78 10 39
78 11 40
78 14 43
78 15 44
78 16 45
78 17 46
78 18 47
78 19 48
78 20 49
78 22 1
78 23 2
78 26 5
78 27 6
78 28 7
78 30 9
78 31 10
78 32 11
78 33 12
78 34 13
78 35 14
78 37 16
78 38 17
78 39 18
78 40 19
78 41 20
78 42 21
78 43 22
78 44 23
78 45 24
78 46 25
78 47 26
78 48 27
78 49 28
78 50 29
78 51 30
78 52 31
78 53 32
78 54 33
78 55 34
78 56 35
78 57 36
78 58 37
78 59 38
78 60 39
78 61 40
78 62 41
78 63 42
78 64 43
78 65 44
78 66 45
78 67 46
78 69 48
78 70 49
78 71 50
78 72 1
78 73 2
78 74 3
78 75 4
78 76 5
78 77 6
79 1 31
79 2 32
79 3 33
79 4 34
79 5 35
79 6 36
79 7 37
79 8 38
79 9 39
79 10 40
79 11 41
79 12 42
79 13 43
79 14 44
79 16 46
79 17 47
79 18 48
79 19 49
79 20 50
79 21 1
79 22 2
79 23 3
79 24 4
79 25 5
79 27 7
79 29 9
79 30 10
79 31 11
79 32 12
79 33 13
79 34 14
79 37 17
79 38 18
79 39 19
79 40 20
79 41 21
79 42 22
79 43 23
79 44 24
79 45 25
79 46 26
79 47 27
79 48 28
79 49 29
79 51 31
79 52 32
79 53 33
79 54 34
79 55 35
79 56 36
79 57 37
79 58 38
79 59 39
79 60 40
79 62 42
79 64 44
79 65 45
79 66 46
79 67 47
79 68 48
79 69 49
79 70 50
79 71 1
79 72 2
79 74 4
79 76 6
79 77 7
79 78 8
80 1 32
80 2 33
80 4 35
80 5 36
80 6 37
80 7 38
80 8 39
80 9 40
80 10 41
80 11 42
80 12 43
80 13 44
80 14 45
80 15 46
80 17 48
80 18 49
80 19 50
80 20 1
80 21 2
80 22 3
80 23 4
80 24 5
80 25 6
80 26 7
80 27 8
80 28 9
80 29 10
80 30 11
80 31 12
80 32 13
80 33 14
80 34 15
80 35 16
80 36 17
80 37 18
80 38 19
80 39 20
80 40 21
80 41 22
80 42 23
80 43 24
80 44 25
80 45 26
80 46 27
80 47 28
80 48 29
80 49 30
80 50 31
80 51 32
80 52 33
80 53 34
80 54 35
80 55 36
80 56 37
80 57 38
80 59 40
80 60 41
80 62 43
80 63 44
80 65 46
80 66 47
80 67 48
80 68 49
80 69 50
80 70 1
80 71 2
80 72 3
80 73 4
80 74 5
80 75 6
80 77 8
80 78 9
80 79 10
81 1 33
81 2 34
81 3 35
81 4 36
81 5 37
81 6 38
81 8 40
81 9 41
81 10 42
81 11 43
81 12 44
81 13 45
81 14 46
81 15 47
81 16 48
81 17 49
81 18 50
81 19 1
81 20 2
81 21 3
81 22 4
81 23 5
81 24 6
81 25 7
81 26 8
81 27 9
81 28 10
81 29 11
81 30 12
81 31 13
81 32 14
81 33 15
81 34 16
81 37 19
81 38 20
81 39 21
81 40 22
81 41 23
81 43 25
81 44 26
81 46 28
81 47 29
81 48 30
81 49 31
81 50 32
81 52 34
81 54 36
81 56 38
81 57 39
81 58 40
81 59 41
81 60 42
81 61 43
81 62 44
81 63 45
81 64 46
81 66 48
81 67 49
81 69 1
81 70 2
81 71 3
81 72 4
81 73 5
81 74 6
81 76 8
81 77 9
81 78 10
81 79 11
81 80 12
82 1 34
82 2 35
82 3 36
82 4 37
82 5 38
82 6 39
82 7 40
82 8 41
82 9 42
82 10 43
82 11 44
82 12 45
82 13 46
82 14 47
82 15 48
82 16 49
82 17 50
82 18 1
82 19 2
82 20 3
82 21 4
82 22 5
82 23 6
82 24 7
82 25 8
82 26 9
82 27 10
82 28 11
82 29 12
82 30 13
82 31 14
82 33 16
82 34 17
82 35 18
82 36 19
82 37 20
82 38 21
82 40 23
82 41 24
82 43 26
82 44 27
82 45 28
82 46 29
82 48 31
82 49 32
82 51 34
82 52 35
82 53 36
82 54 37
82 55 38
82 56 39
82 57 40
82 58 41
82 59 42
82 60 43
82 61 44
82 62 45
82 63 46
82 64 47
82 65 48
82 66 49
82 67 50
82 68 1
82 69 2
82 70 3
82 71 4
82 72 5
82 74 7
82 75 8
82 76 9
82 77 10
82 78 11
82 79 12
82 80 13
82 81 14
83 1 35
83 2 36
83 5 39
83 7 41
83 8 42
83 9 43
83 11 45
83 12 46
83 13 47
83 14 48
83 15 49
83 16 50
83 18 2
83 20 4
83 21 5
83 22 6
83 23 7
83 25 9
83 27 11
83 28 12
83 29 13
83 30 14
83 31 15
83 32 16
83 33 17
83 34 18
83 35 19
83 36 20
83 37 21
83 38 22
83 39 23
83 40 24
83 41 25
83 43 27
83 44 28
83 45 29
83 48 32
83 49 33
83 50 34
83 51 35
83 52 36
83 53 37
83 54 38
83 56 40
83 57 41
83 58 42
83 59 43
83 60 44
83 62 46
83 63 47
83 64 48
83 65 49
83 66 50
83 67 1
83 68 2
83 70 4
83 71 5
83 72 6
83 73 7
83 74 8
83 75 9
83 77 11
83 78 12
83 79 13
83 80 14
83 81 15
83 82 16
84 1 36
84 2 37
84 3 38
84 4 39
84 6 41
84 7 42
84 8 43
84 9 44
84 10 45
84 11 46
84 14 49
84 15 50
84 16 1
84 17 2
84 18 3
84 19 4
84 20 5
84 21 6
84 22 7
84 23 8
84 24 9
84 25 10
84 26 11
84 27 12
84 28 13
84 29 14
84 30 15
84 31 16
84 32 17
84 33 18
84 34 19
84 35 20
84 36 21
84 37 22
84 38 23
84 40 25
84 41 26
84 42 27
84 43 28
84 44 29
84 45 30
84 46 31
84 48 33
84 49 34
84 50 35
84 51 36
84 52 37
84 54 39
84 55 40
84 57 42
84 58 43
84 59 44
84 60 45
84 61 46
84 62 47
84 63 48
84 65 50
84 66 1
84 67 2
84 68 3
84 69 4
84 71 6
84 72 7
84 73 8
84 74 9
84 75 10
84 76 11
84 77 12
84 78 13
84 79 14
84 80 15
84 82 17
84 83 18
85 1 37
85 2 38
85 3 39
85 5 41
85 6 42
85 7 43
85 8 44
85 9 45
85 10 46
85 11 47
85 12 48
85 13 49
85 14 50
85 15 1
85 16 2
85 17 3
85 18 4
85 19 5
85 20 6
85 22 8
85 23 9
85 24 10
85 25 11
85 26 12
85 27 13
85 29 15
85 30 16
85 31 17
85 32 18
85 33 19
85 34 20
85 35 21
85 37 23
85 38 24
85 39 25
85 41 27
85 42 28
85 43 29
85 44 30
85 45 31
85 46 32
85 47 33
85 48 34
85 49 35
85 50 36
85 51 37
85 52 38
85 53 39
85 54 40
85 55 41
85 56 42
85 57 43
85 58 44
85 59 45
85 60 46
85 61 47
85 62 48
85 63 49
85 65 1
85 66 2
85 67 3
85 68 4
85 70 6
85 71 7
85 72 8
85 73 9
85 74 10
85 75 11
85 76 12
85 77 13
85 78 14
85 79 15
85 80 16
85 81 17
85 82 18
85 83 19
85 84 20
86 1 38
86 2 39
86 3 40
86 4 41
86 5 42
86 6 43
86 8 45
86 9 46
86 10 47
86 12 49
86 13 50
86 14 1
86 15 2
86 16 3
86 17 4
86 18 5
86 19 6
86 20 7
86 22 9
86 23 10
86 24 11
86 25 12
86 26 13
86 27 14
86 28 15
86 29 16
86 30 17
86 31 18
86 32 19
86 34 21
86 35 22
86 36 23
86 37 24
86 38 25
86 39 26
86 40 27
86 41 28
86 42 29
86 43 30
86 44 31
86 45 32
86 46 33
86 47 34
86 48 35
86 49 36
86 50 37
86 51 38
86 52 39
86 53 40
86 54 41
86 55 42
86 56 43
86 57 44
86 58 45
86 59 46
86 60 47
86 61 48
86 62 49
86 63 50
86 65 2
86 66 3
86 67 4
86 68 5
86 69 6
86 70 7
86 71 8
86 72 9
86 74 11
86 75 12
86 76 13
86 77 14
86 78 15
86 79 16
86 80 17
86 81 18
86 82 19
86 84 21
86 85 22
87 2 40
87 3 41
87 4 42
87 5 43
87 6 44
87 7 45
87 8 46
87 9 47
87 10 48
87 11 49
87 12 50
87 13 1
87 15 3
87 16 4
87 17 5
87 18 6
87 19 7
87 20 8
87 21 9
87 22 10
87 23 11
87 24 12
87 25 13
87 26 14
87 27 15
87 28 16
87 29 17
87 30 18
87 32 20
87 33 21
87 34 22
87 35 23
87 36 24
87 37 25
87 38 26
87 39 27
87 40 28
87 41 29
87 42 30
87 43 31
87 44 32
87 45 33
87 46 34
87 47 35
87 48 36
87 50 38
87 51 39
87 52 40
87 53 41
87 54 42
87 56 44
87 57 45
87 58 46
87 59 47
87 60 48
87 61 49
87 62 50
87 63 1
87 64 2
87 65 3
87 66 4
87 68 6
87 69 7
87 70 8
87 71 9
87 72 10
87 73 11
87 74 12
87 75 13
87 76 14
87 77 15
87 78 16
87 79 17
87 80 18
87 82 20
87 83 21
87 84 22
87 85 23
87 86 24
88 1 40
88 2 41
88 3 42
88 4 43
88 5 44
88 6 45
88 7 46
88 8 47
88 10 49
88 11 50
88 14 3
88 15 4
88 16 5
88 18 7
88 19 8
88 20 9
88 21 10
88 22 11
88 23 12
88 24 13
88 25 14
88 26 15
88 27 16
88 28 17
88 29 18
88 30 19
88 31 20
88 32 21
88 33 22
88 34 23
88 35 24
88 38 27
88 39 28
88 40 29
88 41 30
88 42 31
88 43 32
88 44 33
88 45 34
88 46 35
88 47 36
88 48 37
88 49 38
88 51 40
88 52 41
88 53 42
88 54 43
88 55 44
88 56 45
88 57 46
88 58 47
88 59 48
88 60 49
88 61 50
88 65 4
88 66 5
88 67 6
88 69 8
88 70 9
88 72 11
88 73 12
88 74 13
88 75 14
88 76 15
88 77 16
88 78 17
88 79 18
88 80 19
88 81 20
88 82 21
88 83 22
88 84 23
88 85 24
89 1 41
89 2 42
89 4 44
89 5 45
89 6 46
89 7 47
89 8 48
89 9 49
89 10 50
89 11 1
89 13 3
89 15 5
89 17 7
89 18 8
89 19 9
89 20 10
89 21 11
89 22 12
89 23 13
89 24 14
89 25 15
89 26 16
89 27 17
89 28 18
89 29 19
89 30 20
89 32 22
89 34 24
89 35 25
89 36 26
89 37 27
89 38 28
89 39 29
89 40 30
89 41 31
89 42 32
89 43 33
89 44 34
89 45 35
89 46 36
89 47 37
89 48 38
89 49 39
89 52 42
89 53 43
89 54 44
89 55 45
89 56 46
89 57 47
89 58 48
89 59 49
89 60 50
89 61 1
89 62 2
89 63 3
89 64 4
89 65 5
89 66 6
89 67 7
89 69 9
89 70 10
89 71 11
89 72 12
89 73 13
89 74 14
89 75 15
89 77 17
89 78 18
89 79 19
89 80 20
89 81 21
89 83 23
89 84 24
89 86 26
89 87 27
89 88 28
90 1 42
90 3 44
90 4 45
90 5 46
90 6 47
90 7 48
90 8 49
90 9 50
90 10 1
90 11 2
90 12 3
90 13 4
90 14 5
90 15 6
90 16 7
90 17 8
90 18 9
90 19 10
90 20 11
90 21 12
90 22 13
90 23 14
90 24 15
90 25 16
90 26 17
90 27 18
90 28 19
90 29 20
90 30 21
90 31 22
90 32 23
90 33 24
90 34 25
90 37 28
90 38 29
90 39 30
90 40 31
90 41 32
90 42 33
90 43 34
90 45 36
90 46 37
90 47 38
90 48 39
90 49 40
90 50 41
90 51 42
90 52 43
90 53 44
90 54 45
90 55 46
90 56 47
90 57 48
90 59 50
90 60 1
90 61 2
90 62 3
90 64 5
90 65 6
90 67 8
90 68 9
90 69 10
90 70 11
90 71 12
90 72 13
90 74 15
90 76 17
90 79 20
90 80 21
90 81 22
90 82 23
90 83 24
90 85 26
90 86 27
90 87 28
90 88 29
90 89 30
91 1 43
91 2 44
91 3 45
91 4 46
91 5 47
91 6 48
91 7 49
91 8 50
91 9 1
91 10 2
91 11 3
91 12 4
91 13 5
91 14 6
91 15 7
91 16 8
91 17 9
91 18 10
91 19 11
91 21 13
91 23 15
91 25 17
91 26 18
91 27 19
91 28 20
91 29 21
91 30 22
91 31 23
91 32 24
91 34 26
91 35 27
91 37 29
91 38 30
91 39 31
91 40 32
91 41 33
91 42 34
91 43 35
91 44 36
91 45 37
91 46 38
91 47 39
91 48 40
91 49 41
91 50 42
91 51 43
91 52 44
91 55 47
91 56 48
91 57 49
91 58 50
91 59 1
91 60 2
91 61 3
91 62 4
91 63 5
91 64 6
91 65 7
91 66 8
91 67 9
91 68 10
91 69 11
91 70 12
91 71 13
91 72 14
91 73 15
91 74 16
91 75 17
91 76 18
91 77 19
91 78 20
91 79 21
91 80 22
91 81 23
91 82 24
91 84 26
91 85 27
91 86 28
91 87 29
91 88 30
91 89 31
92 1 44
92 2 45
92 3 46
92 4 47
92 5 48
92 6 49
92 7 50
92 8 1
92 9 2
92 10 3
92 11 4
92 13 6
92 14 7
92 15 8
92 16 9
92 17 10
92 18 11
92 19 12
92 20 13
92 21 14
92 22 15
92 23 16
92 24 17
92 25 18
92 26 19
92 27 20
92 28 21
92 29 22
92 30 23
92 31 24
92 32 25
92 33 26
92 34 27
92 35 28
92 36 29
92 37 30
92 38 31
92 39 32
92 40 33
92 41 34
92 42 35
92 44 37
92 45 38
92 46 39
92 47 40
92 48 41
92 49 42
92 50 43
92 51 44
92 53 46
92 54 47
92 55 48
92 56 49
92 57 50
92 58 1
92 59 2
92 61 4
92 62 5
92 63 6
92 64 7
92 65 8
92 67 10
92 68 11
92 69 12
92 70 13
92 71 14
92 72 15
92 73 16
92 74 17
92 75 18
92 76 19
92 77 20
92 78 21
92 79 22
92 81 24
92 82 25
92 83 26
92 84 27
92 85 28
92 86 29
92 89 32
92 90 33
92 91 34
93 1 45
93 2 46
93 3 47
93 5 49
93 6 50
93 7 1
93 8 2
93 9 3
93 10 4
93 11 5
93 12 6
93 13 7
93 15 9
93 16 10
93 17 11
93 18 12
93 19 13
93 20 14
93 21 15
93 22 16
93 23 17
93 24 18
93 25 19
93 26 20
93 28 22
93 29 23
93 30 24
93 31 25
93 32 26
93 33 27
93 34 28
93 35 29
93 36 30
93 37 31
93 38 32
93 39 33
93 40 34
93 41 35
93 42 36
93 44 38
93 46 40
93 47 41
93 48 42
93 49 43
93 51 45
93 52 46
93 53 47
93 54 48
93 55 49
93 57 1
93 58 2
93 59 3
93 60 4
93 61 5
93 63 7
93 65 9
93 66 10
93 67 11
93 68 12
93 69 13
93 70 14
93 71 15
93 72 16
93 74 18
93 75 19
93 76 20
93 77 21
93 78 22
93 79 23
93 80 24
93 81 25
93 82 26
93 83 27
93 84 28
93 85 29
93 86 30
93 88 32
93 89 33
93 91 35
93 92 36
94 1 46
94 2 47
94 4 49
94 5 50
94 6 1
94 7 2
94 8 3
94 9 4
94 10 5
94 11 6
94 12 7
94 13 8
94 14 9
94 16 11
94 17 12
94 18 13
94 19 14
94 21 16
94 22 17
94 23 18
94 24 19
94 25 20
94 26 21
94 27 22
94 28 23
94 29 24
94 30 25
94 32 27
94 34 29
94 36 31
94 37 32
94 38 33
94 39 34
94 40 35
94 41 36
94 42 37
94 43 38
94 44 39
94 46 41
94 47 42
94 48 43
94 49 44
94 50 45
94 51 46
94 52 47
94 53 48
94 55 50
94 56 1
94 57 2
94 58 3
94 59 4
94 60 5
94 61 6
94 62 7
94 63 8
94 64 9
94 65 10
94 66 11
94 68 13
94 71 16
94 72 17
94 73 18
94 74 19
94 75 20
94 76 21
94 77 22
94 78 23
94 79 24
94 80 25
94 81 26
94 83 28
94 84 29
94 85 30
94 86 31
94 87 32
94 88 33
94 89 34
94 90 35
94 91 36
94 92 37
94 93 38
95 2 48
95 3 49
95 4 50
95 6 2
95 7 3
95 8 4
95 9 5
95 11 7
95 12 8
95 13 9
95 14 10
95 15 11
95 16 12
95 17 13
95 18 14
95 19 15
95 20 16
95 21 17
95 22 18
95 24 20
95 25 21
95 27 23
95 28 24
95 29 25
95 30 26
95 31 27
95 32 28
95 33 29
95 34 30
95 35 31
95 36 32
95 38 34
95 39 35
95 40 36
95 41 37
95 42 38
95 43 39
95 44 40
95 45 41
95 46 42
95 47 43
95 49 45
95 50 46
95 52 48
95 53 49
95 54 50
95 56 2
95 57 3
95 58 4
95 59 5
95 60 6
95 62 8
95 64 10
95 65 11
95 67 13
95 68 14
95 69 15
95 70 16
95 71 17
95 72 18
95 74 20
95 75 21
95 76 22
95 77 23
95 78 24
95 79 25
95 80 26
95 81 27
95 82 28
95 83 29
95 84 30
95 85 31
95 86 32
95 87 33
95 88 34
95 89 35
95 90 36
95 91 37
95 92 38
95 93 39
95 94 40
96 1 48
96 2 49
96 3 50
96 4 1
96 5 2
96 6 3
96 7 4
96 8 5
96 9 6
96 10 7
96 11 8
96 12 9
96 13 10
96 14 11
96 16 13
96 17 14
96 18 15
96 19 16
96 20 17
96 21 18
96 22 19
96 23 20
96 24 21
96 25 22
96 26 23
96 27 24
96 29 26
96 30 27
96 31 28
96 32 29
96 33 30
96 34 31
96 35 32
96 36 33
96 37 34
96 38 35
96 39 36
96 40 37
96 41 38
96 42 39
96 43 40
96 44 41
96 45 42
96 46 43
96 47 44
96 48 45
96 49 46
96 50 47
96 51 48
96 52 49
96 53 50
96 54 1
96 55 2
96 56 3
96 57 4
96 58 5
96 59 6
96 60 7
96 61 8
96 62 9
96 63 10
96 64 11
96 65 12
96 66 13
96 67 14
96 68 15
96 69 16
96 70 17
96 71 18
96 72 19
96 74 21
96 75 22
96 76 23
96 77 24
96 78 25
96 79 26
96 80 27
96 81 28
96 82 29
96 83 30
96 84 31
96 85 32
96 86 33
96 88 35
96 90 37
96 91 38
96 92 39
96 93 40
96 95 42
97 1 49
97 2 50
97 3 1
97 4 2
97 6 4
97 7 5
97 8 6
97 9 7
97 10 8
97 12 10
97 13 11
97 14 12
97 15 13
97 16 14
97 18 16
97 19 17
97 20 18
97 21 19
97 22 20
97 23 21
97 25 23
97 27 25
97 28 26
97 29 27
97 30 28
97 31 29
97 32 30
97 33 31
97 34 32
97 35 33
97 37 35
97 38 36
97 39 37
97 40 38
97 41 39
97 42 40
97 43 41
97 45 43
97 46 44
97 47 45
97 48 46
97 49 47
97 50 48
97 51 49
97 53 1
97 54 2
97 55 3
97 56 4
97 57 5
97 58 6
97 59 7
97 60 8
97 61 9
97 63 11
97 64 12
97 65 13
97 67 15
97 68 16
97 69 17
97 70 18
97 71 19
97 72 20
97 73 21
97 74 22
97 76 24
97 77 25
97 78 26
97 79 27
97 80 28
97 81 29
97 83 31
97 84 32
97 85 33
97 86 34
97 87 35
97 88 36
97 89 37
97 91 39
97 93 41
97 95 43
97 96 44
98 1 50
98 2 1
98 3 2
98 4 3
98 5 4
98 6 5
98 7 6
98 8 7
98 9 8
98 10 9
98 11 10
98 12 11
98 13 12
98 14 13
98 15 14
98 16 15
98 17 16
98 18 17
98 19 18
98 20 19
98 21 20
98 22 21
98 23 22
98 24 23
98 25 24
98 27 26
98 28 27
98 29 28
98 30 29
98 31 30
98 32 31
98 33 32
98 34 33
98 35 34
98 36 35
98 39 38
98 40 39
98 41 40
98 42 41
98 43 42
98 44 43
98 45 44
98 46 45
98 47 46
98 48 47
98 49 48
98 50 49
98 51 50
98 52 1
98 53 2
98 54 3
98 55 4
98 56 5
98 57 6
98 61 10
98 62 11
98 63 12
98 64 13
98 65 14
98 66 15
98 67 16
98 68 17
98 69 18
98 70 19
98 71 20
98 72 21
98 73 22
98 74 23
98 75 24
98 76 25
98 77 26
98 78 27
98 79 28
98 80 29
98 81 30
98 82 31
98 83 32
98 84 33
98 85 34
98 86 35
98 87 36
98 88 37
98 89 38
98 90 39
98 91 40
98 92 41
98 93 42
98 94 43
98 96 45
98 97 46
99 1 1
99 2 2
99 3 3
99 4 4
99 5 5
99 6 6
99 7 7
99 8 8
99 9 9
99 10 10
99 11 11
99 12 12
99 13 13
99 14 14
99 15 15
99 16 16
99 17 17
99 18 18
99 19 19
99 20 20
99 21 21
99 22 22
99 23 23
99 24 24
99 25 25
99 26 26
99 27 27
99 28 28
99 29 29
99 30 30
99 31 31
99 32 32
99 33 33
99 34 34
99 35 35
99 36 36
99 37 37
99 39 39
99 40 40
99 41 41
99 42 42
99 43 43
99 44 44
99 45 45
99 48 48
99 49 49
99 50 50
99 51 1
99 52 2
99 53 3
99 54 4
99 55 5
99 56 6
99 57 7
99 58 8
99 59 9
99 60 10
99 61 11
99 62 12
99 63 13
99 64 14
99 65 15
99 66 16
99 67 17
99 68 18
99 69 19
99 70 20
99 71 21
99 72 22
99 73 23
99 74 24
99 75 25
99 76 26
99 77 27
99 78 28
99 79 29
99 80 30
99 81 31
99 83 33
99 84 34
99 85 35
99 86 36
99 87 37
99 88 38
99 89 39
99 90 40
99 91 41
99 92 42
99 93 43
99 94 44
99 96 46
99 97 47
99 98 48
100 1 2
100 2 3
100 3 4
100 4 5
100 5 6
100 6 7
100 7 8
100 8 9
100 9 10
100 10 11
100 11 12
100 12 13
100 13 14
100 14 15
100 15 16
100 16 17
100 17 18
100 18 19
100 19 20
100 21 22
100 22 23
100 24 25
100 25 26
100 26 27
100 27 28
100 28 29
100 29 30
100 30 31
100 31 32
100 32 33
100 33 34
100 34 35
100 35 36
100 37 38
100 38 39
100 39 40
100 40 41
100 41 42
100 42 43
100 43 44
100 44 45
100 45 46
100 46 47
100 48 49
100 50 1
100 51 2
100 52 3
100 53 4
100 54 5
100 56 7
100 57 8
100 58 9
100 60 11
100 61 12
100 62 13
100 63 14
100 65 16
100 67 18
100 68 19
100 70 21
100 72 23
100 73 24
100 74 25
100 75 26
100 76 27
100 78 29
100 79 30
100 80 31
100 81 32
100 82 33
100 84 35
100 85 36
100 86 37
100 87 38
100 88 39
100 89 40
100 90 41
100 91 42
100 92 43
100 93 44
100 94 45
100 95 46
100 97 48
100 98 49
100 99 50
101 1 3
101 2 4
101 3 5
101 4 6
101 5 7
101 6 8
101 7 9
101 8 10
101 9 11
101 10 12
101 11 13
101 12 14
101 13 15
101 14 16
101 15 17
101 17 19
101 18 20
101 19 21
101 20 22
101 21 23
101 22 24
101 23 25
101 24 26
101 25 27
101 26 28
101 27 29
101 28 30
101 29 31
101 30 32
101 31 33
101 32 34
101 33 35
101 34 36
101 35 37
101 36 38
101 37 39
101 38 40
101 39 41
101 40 42
101 41 43
101 42 44
101 43 45
101 44 46
101 45 47
101 46 48
101 47 49
101 48 50
101 49 1
101 51 3
101 52 4
101 53 5
101 54 6
101 55 7
101 56 8
101 57 9
101 58 10
101 59 11
101 60 12
101 61 13
101 62 14
101 64 16
101 65 17
101 66 18
101 67 19
101 68 20
101 69 21
101 70 22
101 71 23
101 73 25
101 74 26
101 75 27
101 76 28
101 77 29
101 78 30
101 79 31
101 80 32
101 81 33
101 82 34
101 83 35
101 84 36
101 85 37
101 86 38
101 87 39
101 88 40
101 89 41
101 90 42
101 91 43
101 92 44
101 93 45
101 94 46
101 95 47
101 97 49
101 98 50
101 99 1
101 100 2
102 1 4
102 2 5
102 3 6
102 4 7
102 5 8
102 6 9
102 7 10
102 8 11
102 9 12
102 10 13
102 11 14
102 14 17
102 15 18
102 16 19
102 19 22
102 20 23
102 22 25
102 24 27
102 25 28
102 26 29
102 27 30
102 28 31
102 29 32
102 30 33
102 31 34
102 32 35
102 33 36
102 34 37
102 35 38
102 36 39
102 37 40
102 38 41
102 39 42
102 40 43
102 42 45
102 43 46
102 44 47
102 45 48
102 46 49
102 47 50
102 48 1
102 49 2
102 53 6
102 54 7
102 55 8
102 56 9
102 57 10
102 58 11
102 59 12
102 60 13
102 61 14
102 62 15
102 64 17
102 65 18
102 66 19
102 67 20
102 68 21
102 69 22
102 70 23
102 71 24
102 72 25
102 73 26
102 74 27
102 75 28
102 76 29
102 77 30
102 78 31
102 79 32
102 80 33
102 81 34
102 82 35
102 83 36
102 84 37
102 85 38
102 86 39
102 87 40
102 88 41
102 89 42
102 90 43
102 91 44
102 92 45
102 93 46
102 94 47
102 95 48
102 96 49
102 97 50
102 98 1
102 100 3
102 101 4
103 1 5
103 2 6
103 3 7
103 4 8
103 5 9
103 6 10
103 7 11
103 8 12
103 9 13
103 10 14
103 11 15
103 12 16
103 13 17
103 14 18
103 15 19
103 17 21
103 18 22
103 19 23
103 20 24
103 21 25
103 22 26
103 23 27
103 24 28
103 25 29
103 26 30
103 27 31
103 28 32
103 29 33
103 30 34
103 31 35
103 32 36
103 33 37
103 34 38
103 35 39
103 38 42
103 39 43
103 40 44
103 41 45
103 42 46
103 43 47
103 44 48
103 45 49
103 46 50
103 49 3
103 50 4
103 52 6
103 53 7
103 54 8
103 55 9
103 56 10
103 58 12
103 59 13
103 60 14
103 61 15
103 62 16
103 63 17
103 64 18
103 65 19
103 66 20
103 67 21
103 68 22
103 70 24
103 73 27
103 74 28
103 76 30
103 77 31
103 78 32
103 79 33
103 80 34
103 81 35
103 82 36
103 84 38
103 85 39
103 86 40
103 88 42
103 89 43
103 90 44
103 91 45
103 92 46
103 93 47
103 94 48
103 95 49
103 96 50
103 97 1
103 98 2
103 99 3
103 100 4
103 101 5
103 102 6
104 1 6
104 2 7
104 3 8
104 4 9
104 5 10
104 7 12
104 8 13
104 9 14
104 10 15
104 11 16
104 13 18
104 14 19
104 15 20
104 16 21
104 17 22
104 19 24
104 20 25
104 21 26
104 22 27
104 23 28
104 24 29
104 25 30
104 26 31
104 27 32
104 28 33
104 29 34
104 30 35
104 31 36
104 32 37
104 33 38
104 34 39
104 35 40
104 36 41
104 37 42
104 39 44
104 40 45
104 41 46
104 42 47
104 43 48
104 44 49
104 45 50
104 46 1
104 47 2
104 48 3
104 49 4
104 50 5
104 51 6
104 52 7
104 53 8
104 54 9
104 55 10
104 56 11
104 57 12
104 58 13
104 59 14
104 60 15
104 61 16
104 62 17
104 63 18
104 64 19
104 65 20
104 66 21
104 67 22
104 68 23
104 69 24
104 70 25
104 71 26
104 72 27
104 73 28
104 74 29
104 75 30
104 76 31
104 77 32
104 78 33
104 79 34
104 80 35
104 81 36
104 82 37
104 83 38
104 84 39
104 85 40
104 86 41
104 87 42
104 88 43
104 89 44
104 90 45
104 91 46
104 92 47
104 93 48
104 94 49
104 95 50
104 96 1
104 97 2
104 98 3
104 99 4
104 100 5
104 102 7
104 103 8
105 1 7
105 2 8
105 3 9
105 4 10
105 5 11
105 7 13
105 8 14
105 9 15
105 10 16
105 11 17
105 12 18
105 13 19
105 14 20
105 15 21
105 16 22
105 17 23
105 18 24
105 19 25
105 20 26
105 21 27
105 22 28
105 23 29
105 24 30
105 25 31
105 26 32
105 27 33
105 28 34
105 29 35
105 30 36
105 31 37
105 32 38
105 33 39
105 34 40
105 35 41
105 37 43
105 39 45
105 40 46
105 41 47
105 42 48
105 43 49
105 44 50
105 45 1
105 47 3
105 48 4
105 50 6
105 51 7
105 52 8
105 53 9
105 54 10
105 55 11
105 56 12
105 57 13
105 59 15
105 60 16
105 61 17
105 62 18
105 63 19
105 64 20
105 65 21
105 66 22
105 67 23
105 69 25
105 70 26
105 71 27
105 72 28
105 73 29
105 74 30
105 75 31
105 76 32
105 79 35
105 80 36
105 81 37
105 82 38
105 83 39
105 84 40
105 85 41
105 86 42
105 87 43
105 88 44
105 89 45
105 91 47
105 92 48
105 93 49
105 94 50
105 95 1
105 96 2
105 97 3
105 98 4
105 99 5
105 100 6
105 101 7
105 102 8
106 2 9
106 3 10
106 4 11
106 5 12
106 6 13
106 7 14
106 8 15
106 9 16
106 10 17
106 11 18
106 12 19
106 13 20
106 15 22
106 16 23
106 17 24
106 18 25
106 20 27
106 21 28
106 23 30
106 24 31
106 25 32
106 26 33
106 27 34
106 28 35
106 30 37
106 31 38
106 32 39
106 33 40
106 34 41
106 35 42
106 36 43
106 37 44
106 38 45
106 40 47
106 41 48
106 42 49
106 43 50
106 44 1
106 45 2
106 46 3
106 47 4
106 48 5
106 49 6
106 50 7
106 51 8
106 52 9
106 53 10
106 54 11
106 55 12
106 57 14
106 58 15
106 59 16
106 60 17
106 61 18
106 62 19
106 63 20
106 64 21
106 65 22
106 66 23
106 67 24
106 69 26
106 70 27
106 71 28
106 72 29
106 73 30
106 74 31
106 75 32
106 76 33
106 77 34
106 78 35
106 79 36
106 80 37
106 81 38
106 82 39
106 84 41
106 85 42
106 86 43
106 87 44
106 88 45
106 89 46
106 90 47
106 91 48
106 92 49
106 93 50
106 95 2
106 96 3
106 97 4
106 98 5
106 99 6
106 100 7
106 101 8
106 102 9
106 104 11
106 105 12
107 1 9
107 2 10
107 3 11
107 4 12
107 5 13
107 6 14
107 7 15
107 8 16
107 9 17
107 10 18
107 11 19
107 12 20
107 13 21
107 14 22
107 15 23
107 16 24
107 17 25
107 18 26
107 19 27
107 21 29
107 22 30
107 24 32
107 25 33
107 26 34
107 27 35
107 28 36
107 29 37
107 30 38
107 31 39
107 32 40
107 34 42
107 35 43
107 36 44
107 37 45
107 38 46
107 39 47
107 40 48
107 41 49
107 43 1
107 44 2
107 45 3
107 46 4
107 47 5
107 48 6
107 49 7
107 51 9
107 52 10
107 53 11
107 54 12
107 55 13
107 56 14
107 57 15
107 60 18
107 61 19
107 62 20
107 63 21
107 64 22
107 65 23
107 66 24
107 68 26
107 69 27
107 71 29
107 72 30
107 73 31
107 74 32
107 75 33
107 76 34
107 78 36
107 79 37
107 80 38
107 81 39
107 82 40
107 83 41
107 85 43
107 86 44
107 87 45
107 88 46
107 89 47
107 90 48
107 91 49
107 92 50
107 93 1
107 94 2
107 95 3
107 96 4
107 97 5
107 98 6
107 99 7
107 100 8
107 101 9
107 102 10
107 103 11
107 104 12
107 105 13
107 106 14
108 2 11
108 4 13
108 6 15
108 8 17
108 10 19
108 11 20
108 12 21
108 15 24
108 16 25
108 17 26
108 18 27
108 19 28
108 21 30
108 22 31
108 23 32
108 24 33
108 25 34
108 26 35
108 27 36
108 29 38
108 31 40
108 34 43
108 35 44
108 36 45
108 37 46
108 39 48
108 40 49
108 42 1
108 43 2
108 44 3
108 45 4
108 46 5
108 47 6
108 48 7
108 49 8
108 50 9
108 51 10
108 52 11
108 53 12
108 54 13
108 55 14
108 56 15
108 57 16
108 59 18
108 60 19
108 61 20
108 62 21
108 63 22
108 64 23
108 65 24
108 67 26
108 68 27
108 69 28
108 70 29
108 71 30
108 72 31
108 74 33
108 76 35
108 77 36
108 78 37
108 80 39
108 81 40
108 82 41
108 83 42
108 84 43
108 85 44
108 86 45
108 87 46
108 88 47
108 89 48
108 90 49
108 91 50
108 92 1
108 93 2
108 95 4
108 96 5
108 97 6
108 98 7
108 99 8
108 100 9
108 101 10
108 102 11
108 103 12
108 104 13
108 105 14
108 106 15
108 107 16
109 2 12
109 3 13
109 4 14
109 5 15
109 6 16
109 7 17
109 8 18
109 9 19
109 10 20
109 11 21
109 12 22
109 13 23
109 14 24
109 16 26
109 17 27
109 18 28
109 19 29
109 20 30
109 21 31
109 22 32
109 23 33
109 24 34
109 25 35
109 26 36
109 27 37
109 28 38
109 29 39
109 30 40
109 31 41
109 32 42
109 33 43
109 34 44
109 35 45
109 37 47
109 38 48
109 39 49
109 40 50
109 41 1
109 42 2
109 43 3
109 45 5
109 46 6
109 47 7
109 50 10
109 51 11
109 52 12
109 53 13
109 54 14
109 55 15
109 56 16
109 57 17
109 58 18
109 59 19
109 60 20
109 61 21
109 62 22
109 63 23
109 64 24
109 65 25
109 66 26
109 67 27
109 68 28
109 69 29
109 70 30
109 71 31
109 72 32
109 73 33
109 74 34
109 75 35
109 76 36
109 77 37
109 78 38
109 79 39
109 80 40
109 81 41
109 82 42
109 83 43
109 84 44
109 86 46
109 87 47
109 88 48
109 89 49
109 90 50
109 91 1
109 92 2
109 94 4
109 95 5
109 97 7
109 98 8
109 100 10
109 101 11
109 102 12
109 104 14
109 105 15
109 106 16
109 107 17
109 108 18
110 1 12
110 2 13
110 3 14
110 4 15
110 5 16
110 6 17
110 7 18
110 9 20
110 10 21
110 11 22
110 12 23
110 13 24
110 14 25
110 15 26
110 16 27
110 17 28
110 18 29
110 19 30
110 20 31
110 22 33
110 23 34
110 24 35
110 25 36
110 26 37
110 27 38
110 28 39
110 29 40
110 30 41
110 31 42
110 32 43
110 33 44
110 34 45
110 35 46
110 36 47
110 38 49
110 39 50
110 40 1
110 41 2
110 42 3
110 43 4
110 44 5
110 45 6
110 46 7
110 47 8
110 48 9
110 49 10
110 50 11
110 51 12
110 52 13
110 53 14
110 54 15
110 55 16
110 56 17
110 57 18
110 58 19
110 59 20
110 60 21
110 61 22
110 62 23
110 63 24
110 65 26
110 66 27
110 67 28
110 68 29
110 69 30
110 70 31
110 71 32
110 72 33
110 73 34
110 74 35
110 75 36
110 77 38
110 78 39
110 79 40
110 80 41
110 81 42
110 82 43
110 83 44
110 84 45
110 85 46
110 86 47
110 87 48
110 88 49
110 89 50
110 91 2
110 92 3
110 93 4
110 94 5
110 95 6
110 96 7
110 97 8
110 98 9
110 99 10
110 100 11
110 101 12
110 103 14
110 104 15
110 105 16
110 106 17
110 107 18
110 108 19
110 109 20
111 1 13
111 2 14
111 3 15
111 4 16
111 5 17
111 6 18
111 7 19
111 8 20
111 9 21
111 10 22
111 11 23
111 12 24
111 13 25
111 14 26
111 15 27
111 16 28
111 18 30
111 19 31
111 20 32
111 21 33
111 22 34
111 23 35
111 25 37
111 26 38
111 27 39
111 28 40
111 29 41
111 30 42
111 32 44
111 33 45
111 34 46
111 35 47
111 36 48
111 37 49
111 38 50
111 39 1
111 40 2
111 42 4
111 43 5
111 44 6
111 46 8
111 47 9
111 48 10
111 49 11
111 50 12
111 51 13
111 52 14
111 53 15
111 54 16
111 55 17
111 56 18
111 57 19
111 58 20
111 59 21
111 60 22
111 61 23
111 62 24
111 63 25
111 64 26
111 66 28
111 67 29
111 68 30
111 69 31
111 70 32
111 71 33
111 72 34
111 73 35
111 74 36
111 75 37
111 76 38
111 77 39
111 78 40
111 79 41
111 80 42
111 81 43
111 82 44
111 83 45
111 84 46
111 85 47
111 86 48
111 87 49
111 88 50
111 89 1
111 90 2
111 91 3
111 92 4
111 93 5
111 94 6
111 95 7
111 96 8
111 97 9
111 98 10
111 99 11
111 100 12
111 101 13
111 102 14
111 103 15
111 104 16
111 105 17
111 106 18
111 107 19
111 108 20
111 109 21
111 110 22
112 1 14
112 2 15
112 3 16
112 4 17
112 5 18
112 6 19
112 7 20
112 8 21
112 9 22
112 10 23
112 12 25
112 13 26
112 14 27
112 15 28
112 17 30
112 18 31
112 19 32
112 20 33
112 21 34
112 22 35
112 23 36
112 24 37
112 25 38
112 26 39
112 27 40
112 29 42
112 30 43
112 31 44
112 32 45
112 33 46
112 34 47
112 35 48
112 36 49
112 37 50
112 39 2
112 41 4
112 42 5
112 43 6
112 44 7
112 46 9
112 47 10
112 48 11
112 49 12
112 50 13
112 51 14
112 52 15
112 53 16
112 54 17
112 55 18
112 56 19
112 57 20
112 58 21
112 59 22
112 60 23
112 61 24
112 63 26
112 64 27
112 65 28
112 66 29
112 67 30
112 68 31
112 69 32
112 71 34
112 72 35
112 73 36
112 74 37
112 76 39
112 77 40
112 79 42
112 80 43
112 82 45
112 83 46
112 84 47
112 86 49
112 87 50
112 88 1
112 90 3
112 91 4
112 92 5
112 93 6
112 94 7
112 95 8
112 96 9
112 97 10
112 98 11
112 99 12
112 100 13
112 102 15
112 103 16
112 104 17
112 106 19
112 107 20
112 108 21
112 109 22
112 110 23
112 111 24
113 1 15
113 2 16
113 3 17
113 4 18
113 5 19
113 6 20
113 7 21
113 9 23
113 10 24
113 11 25
113 12 26
113 13 27
113 14 28
113 15 29
113 16 30
113 17 31
113 21 35
113 22 36
113 23 37
113 24 38
113 25 39
113 27 41
113 28 42
113 29 43
113 31 45
113 32 46
113 33 47
113 34 48
113 35 49
113 36 50
113 37 1
113 39 3
113 40 4
113 41 5
113 44 8
113 45 9
113 46 10
113 47 11
113 48 12
113 49 13
113 50 14
113 52 16
113 53 17
113 54 18
113 55 19
113 57 21
113 58 22
113 59 23
113 60 24
113 61 25
113 62 26
113 63 27
113 65 29
113 66 30
113 67 31
113 69 33
113 70 34
113 71 35
113 72 36
113 73 37
113 74 38
113 76 40
113 77 41
113 78 42
113 79 43
113 80 44
113 81 45
113 82 46
113 84 48
113 85 49
113 86 50
113 87 1
113 88 2
113 89 3
113 90 4
113 92 6
113 93 7
113 94 8
113 95 9
113 96 10
113 97 11
113 98 12
113 99 13
113 100 14
113 101 15
113 102 16
113 103 17
113 104 18
113 105 19
113 106 20
113 107 21
113 108 22
113 109 23
113 110 24
113 111 25
113 112 26
114 1 16
114 2 17
114 3 18
114 4 19
114 5 20
114 7 22
114 8 23
114 9 24
114 10 25
114 11 26
114 13 28
114 14 29
114 15 30
114 16 31
114 17 32
114 18 33
114 19 34
114 20 35
114 21 36
114 22 37
114 23 38
114 25 40
114 26 41
114 27 42
114 28 43
114 29 44
114 30 45
114 31 46
114 32 47
114 33 48
114 34 49
114 35 50
114 36 1
114 37 2
114 38 3
114 39 4
114 40 5
114 41 6
114 42 7
114 43 8
114 44 9
114 45 10
114 46 11
114 47 12
114 48 13
114 49 14
114 50 15
114 51 16
114 52 17
114 53 18
114 54 19
114 55 20
114 56 21
114 57 22
114 58 23
114 59 24
114 60 25
114 61 26
114 62 27
114 63 28
114 65 30
114 66 31
114 67 32
114 68 33
114 69 34
114 70 35
114 71 36
114 72 37
114 73 38
114 74 39
114 75 40
114 76 41
114 77 42
114 78 43
114 79 44
114 80 45
114 82 47
114 83 48
114 84 49
114 85 50
114 86 1
114 87 2
114 88 3
114 89 4
114 90 5
114 91 6
114 92 7
114 93 8
114 94 9
114 95 10
114 96 11
114 97 12
114 98 13
114 99 14
114 100 15
114 101 16
114 102 17
114 103 18
114 104 19
114 105 20
114 106 21
114 107 22
114 108 23
114 109 24
114 110 25
114 111 26
114 112 27
114 113 28
115 1 17
115 2 18
115 4 20
115 5 21
115 6 22
115 7 23
115 8 24
115 9 25
115 10 26
115 11 27
115 12 28
115 13 29
115 14 30
115 15 31
115 16 32
115 17 33
115 18 34
115 19 35
115 20 36
115 21 37
115 22 38
115 23 39
115 24 40
115 25 41
115 26 42
115 27 43
115 28 44
115 29 45
115 30 46
115 31 47
115 32 48
115 34 50
115 36 2
115 37 3
115 38 4
115 39 5
115 40 6
115 41 7
115 43 9
115 44 10
115 45 11
115 46 12
115 47 13
115 48 14
115 49 15
115 50 16
115 51 17
115 52 18
115 53 19
115 54 20
115 55 21
115 56 22
115 57 23
115 58 24
115 59 25
115 60 26
115 61 27
115 62 28
115 65 31
115 68 34
115 69 35
115 70 36
115 71 37
115 72 38
115 73 39
115 74 40
115 75 41
115 76 42
115 77 43
115 78 44
115 79 45
115 80 46
115 81 47
115 82 48
115 83 49
115 84 50
115 85 1
115 86 2
115 87 3
115 88 4
115 89 5
115 90 6
115 91 7
115 92 8
115 93 9
115 95 11
115 97 13
115 98 14
115 99 15
115 100 16
115 101 17
115 102 18
115 103 19
115 104 20
115 105 21
115 106 22
115 107 23
115 109 25
115 110 26
115 111 27
115 112 28
115 113 29
115 114 30
116 1 18
116 2 19
116 3 20
116 4 21
116 5 22
116 6 23
116 7 24
116 8 25
116 10 27
116 11 28
116 12 29
116 13 30
116 14 31
116 15 32
116 16 33
116 18 35
116 19 36
116 20 37
116 21 38
116 22 39
116 23 40
116 24 41
116 25 42
116 26 43
116 28 45
116 29 46
116 30 47
116 31 48
116 32 49
116 34 1
116 35 2
116 36 3
116 37 4
116 38 5
116 39 6
116 40 7
116 42 9
116 43 10
116 44 11
116 45 12
116 46 13
116 47 14
116 48 15
116 49 16
116 50 17
116 51 18
116 53 20
116 54 21
116 56 23
116 57 24
116 58 25
116 59 26
116 60 27
116 62 29
116 63 30
116 64 31
116 65 32
116 66 33
116 67 34
116 68 35
116 70 37
116 71 38
116 72 39
116 73 40
116 74 41
116 75 42
116 76 43
116 77 44
116 78 45
116 79 46
116 80 47
116 81 48
116 82 49
116 83 50
116 84 1
116 85 2
116 86 3
116 89 6
116 91 8
116 92 9
116 94 11
116 95 12
116 96 13
116 98 15
116 99 16
116 100 17
116 101 18
116 102 19
116 103 20
116 104 21
116 105 22
116 106 23
116 107 24
116 108 25
116 109 26
116 110 27
116 111 28
116 112 29
116 113 30
116 114 31
116 115 32
117 1 19
117 2 20
117 4 22
117 5 23
117 6 24
117 7 25
117 8 26
117 9 27
117 10 28
117 11 29
117 12 30
117 13 31
117 14 32
117 15 33
117 16 34
117 17 35
117 18 36
117 19 37
117 20 38
117 21 39
117 22 40
117 23 41
117 24 42
117 25 43
117 26 44
117 27 45
117 28 46
117 29 47
117 30 48
117 31 49
117 33 1
117 34 2
117 35 3
117 36 4
117 37 5
117 38 6
117 40 8
117 41 9
117 42 10
117 43 11
117 44 12
117 45 13
117 46 14
117 47 15
117 48 16
117 49 17
117 50 18
117 51 19
117 52 20
117 53 21
117 54 22
117 55 23
117 56 24
117 57 25
117 58 26
117 59 27
117 60 28
117 61 29
117 63 31
117 64 32
117 65 33
117 66 34
117 67 35
117 68 36
117 69 37
117 70 38
117 71 39
117 72 40
117 74 42
117 75 43
117 77 45
117 78 46
117 79 47
117 80 48
117 81 49
117 82 50
117 83 1
117 84 2
117 85 3
117 87 5
117 88 6
117 89 7
117 90 8
117 91 9
117 92 10
117 93 11
117 94 12
117 95 13
117 96 14
117 98 16
117 99 17
117 100 18
117 101 19
117 102 20
117 103 21
117 104 22
117 106 24
117 107 25
117 108 26
117 109 27
117 110 28
117 111 29
117 112 30
117 114 32
117 115 33
117 116 34
118 2 21
118 3 22
118 4 23
118 5 24
118 6 25
118 7 26
118 8 27
118 9 28
118 11 30
118 12 31
118 13 32
118 14 33
118 15 34
118 16 35
118 17 36
118 18 37
118 19 38
118 20 39
118 21 40
118 22 41
118 23 42
118 24 43
118 25 44
118 26 45
118 27 46
118 28 47
118 29 48
118 30 49
118 31 50
118 32 1
118 33 2
118 35 4
118 36 5
118 37 6
118 38 7
118 39 8
118 40 9
118 41 10
118 42 11
118 43 12
118 44 13
118 45 14
118 46 15
118 47 16
118 48 17
118 49 18
118 50 19
118 51 20
118 52 21
118 53 22
118 54 23
118 55 24
118 56 25
118 58 27
118 59 28
118 60 29
118 61 30
118 62 31
118 63 32
118 64 33
118 65 34
118 66 35
118 67 36
118 68 37
118 69 38
118 70 39
118 71 40
118 72 41
118 73 42
118 74 43
118 76 45
118 77 46
118 78 47
118 80 49
118 81 50
118 82 1
118 83 2
118 84 3
118 85 4
118 86 5
118 87 6
118 88 7
118 89 8
118 90 9
118 91 10
118 92 11
118 93 12
118 94 13
118 95 14
118 96 15
118 98 17
118 99 18
118 101 20
118 102 21
118 103 22
118 104 23
118 105 24
118 106 25
118 108 27
118 110 29
118 111 30
118 112 31
118 113 32
118 114 33
118 115 34
119 1 21
119 2 22
119 3 23
119 4 24
119 5 25
119 6 26
119 7 27
119 8 28
119 9 29
119 10 30
119 11 31
119 12 32
119 13 33
119 14 34
119 16 36
119 17 37
119 18 38
119 19 39
119 20 40
119 21 41
119 22 42
119 23 43
119 24 44
119 25 45
119 26 46
119 27 47
119 28 48
119 29 49
119 30 50
119 31 1
119 32 2
119 33 3
119 34 4
119 35 5
119 36 6
119 37 7
119 38 8
119 39 9
119 40 10
119 41 11
119 42 12
119 45 15
119 46 16
119 47 17
119 48 18
119 49 19
119 50 20
119 51 21
119 52 22
119 53 23
119 56 26
119 57 27
119 58 28
119 59 29
119 60 30
119 61 31
119 62 32
119 63 33
119 64 34
119 65 35
119 66 36
119 67 37
119 68 38
119 69 39
119 70 40
119 71 41
119 72 42
119 73 43
119 74 44
119 75 45
119 77 47
119 79 49
119 80 50
119 81 1
119 82 2
119 83 3
119 84 4
119 85 5
119 86 6
119 87 7
119 88 8
119 89 9
119 90 10
119 91 11
119 92 12
119 93 13
119 94 14
119 97 17
119 98 18
119 99 19
119 100 20
119 101 21
119 102 22
119 103 23
119 104 24
119 105 25
119 106 26
119 107 27
119 108 28
119 109 29
119 110 30
119 111 31
119 112 32
119 113 33
119 114 34
119 116 36
119 118 38
120 1 22
120 3 24
120 4 25
120 5 26
120 6 27
120 7 28
120 8 29
120 9 30
120 10 31
120 11 32
120 12 33
120 13 34
120 14 35
120 15 36
120 16 37
120 17 38
120 18 39
120 19 40
120 20 41
120 21 42
120 22 43
120 23 44
120 25 46
120 26 47
120 27 48
120 28 49
120 29 50
120 30 1
120 31 2
120 33 4
120 34 5
120 36 7
120 37 8
120 38 9
120 39 10
120 40 11
120 41 12
120 42 13
120 43 14
120 44 15
120 45 16
120 46 17
120 47 18
120 48 19
120 49 20
120 50 21
120 52 23
120 53 24
120 54 25
120 56 27
120 57 28
120 58 29
120 59 30
120 60 31
120 62 33
120 63 34
120 64 35
120 65 36
120 66 37
120 67 38
120 69 40
120 70 41
120 71 42
120 72 43
120 73 44
120 74 45
120 75 46
120 76 47
120 78 49
120 79 50
120 80 1
120 81 2
120 82 3
120 83 4
120 84 5
120 85 6
120 87 8
120 89 10
120 90 11
120 93 14
120 94 15
120 95 16
120 96 17
120 97 18
120 98 19
120 99 20
120 100 21
120 101 22
120 103 24
120 104 25
120 105 26
120 106 27
120 107 28
120 108 29
120 109 30
120 110 31
120 111 32
120 112 33
120 113 34
120 114 35
120 115 36
120 116 37
120 117 38
120 118 39
120 119 40
121 1 23
121 2 24
121 3 25
121 4 26
121 5 27
121 6 28
121 7 29
121 9 31
121 11 33
121 12 34
121 14 36
121 15 37
121 16 38
121 17 39
121 18 40
121 19 41
121 20 42
121 21 43
121 23 45
121 24 46
121 25 47
121 26 48
121 27 49
121 28 50
121 29 1
121 30 2
121 31 3
121 32 4
121 33 5
121 34 6
121 35 7
121 36 8
121 37 9
121 38 10
121 39 11
121 40 12
121 41 13
121 42 14
121 44 16
121 45 17
121 47 19
121 48 20
121 49 21
121 50 22
121 51 23
121 52 24
121 54 26
121 55 27
121 56 28
121 57 29
121 58 30
121 59 31
121 60 32
121 61 33
121 62 34
121 63 35
121 64 36
121 66 38
121 67 39
121 68 40
121 70 42
121 71 43
121 72 44
121 73 45
121 74 46
121 75 47
121 76 48
121 77 49
121 79 1
121 80 2
121 81 3
121 82 4
121 83 5
121 84 6
121 85 7
121 86 8
121 87 9
121 90 12
121 91 13
121 92 14
121 93 15
121 94 16
121 95 17
121 96 18
121 97 19
121 98 20
121 99 21
121 100 22
121 101 23
121 102 24
121 103 25
121 104 26
121 105 27
121 107 29
121 108 30
121 109 31
121 110 32
121 111 33
121 112 34
121 113 35
121 114 36
121 115 37
121 116 38
121 117 39
121 118 40
121 119 41
121 120 42
122 1 24
122 2 25
122 3 26
122 4 27
122 5 28
122 6 29
122 7 30
122 8 31
122 9 32
122 10 33
122 11 34
122 12 35
122 13 36
122 14 37
122 15 38
122 16 39
122 17 40
122 18 41
122 19 42
122 20 43
122 21 44
122 22 45
122 23 46
122 24 47
122 25 48
122 26 49
122 27 50
122 28 1
122 29 2
122 30 3
122 31 4
122 32 5
122 33 6
122 34 7
122 35 8
122 37 10
122 38 11
122 40 13
122 41 14
122 43 16
122 44 17
122 45 18
122 46 19
122 47 20
122 48 21
122 49 22
122 50 23
122 51 24
122 52 25
122 54 27
122 55 28
122 56 29
122 57 30
122 60 33
122 61 34
122 62 35
122 63 36
122 64 37
122 65 38
122 66 39
122 67 40
122 68 41
122 69 42
122 70 43
122 71 44
122 74 47
122 75 48
122 76 49
122 77 50
122 78 1
122 79 2
122 80 3
122 81 4
122 82 5
122 83 6
122 85 8
122 86 9
122 87 10
122 88 11
122 89 12
122 91 14
122 92 15
122 93 16
122 94 17
122 96 19
122 97 20
122 98 21
122 99 22
122 100 23
122 101 24
122 102 25
122 103 26
122 104 27
122 107 30
122 108 31
122 109 32
122 110 33
122 111 34
122 112 35
122 113 36
122 114 37
122 115 38
122 116 39
122 117 40
122 118 41
122 119 42
122 120 43
122 121 44
123 1 25
123 2 26
123 3 27
123 4 28
123 5 29
123 6 30
123 7 31
123 8 32
123 9 33
123 10 34
123 11 35
123 12 36
123 13 37
123 14 38
123 15 39
123 16 40
123 17 41
123 18 42
123 19 43
123 20 44
123 21 45
123 22 46
123 23 47
123 24 48
123 25 49
123 26 50
123 27 1
123 28 2
123 29 3
123 30 4
123 31 5
123 32 6
123 33 7
123 34 8
123 35 9
123 36 10
123 37 11
123 38 12
123 39 13
123 40 14
123 41 15
123 43 17
123 44 18
123 45 19
123 46 20
123 47 21
123 48 22
123 49 23
123 50 24
123 51 25
123 52 26
123 53 27
123 54 28
123 55 29
123 56 30
123 57 31
123 58 32
123 59 33
123 60 34
123 61 35
123 62 36
123 63 37
123 64 38
123 65 39
123 67 41
123 68 42
123 69 43
123 70 44
123 71 45
123 73 47
123 74 48
123 75 49
123 76 50
123 77 1
123 78 2
123 79 3
123 80 4
123 81 5
123 82 6
123 83 7
123 84 8
123 85 9
123 87 11
123 88 12
123 89 13
123 90 14
123 92 16
123 93 17
123 95 19
123 96 20
123 97 21
123 99 23
123 100 24
123 101 25
123 103 27
123 104 28
123 105 29
123 106 30
123 107 31
123 108 32
123 109 33
123 110 34
123 111 35
123 112 36
123 114 38
123 115 39
123 117 41
123 118 42
123 119 43
123 120 44
123 121 45
123 122 46
124 1 26
124 2 27
124 3 28
124 4 29
124 5 30
124 6 31
124 7 32
124 8 33
124 10 35
124 12 37
124 14 39
124 16 41
124 17 42
124 18 43
124 20 45
124 21 46
124 22 47
124 23 48
124 24 49
124 25 50
124 26 1
124 27 2
124 28 3
124 29 4
124 30 5
124 31 6
124 32 7
124 34 9
124 35 10
124 36 11
124 37 12
124 38 13
124 39 14
124 40 15
124 42 17
124 43 18
124 45 20
124 46 21
124 47 22
124 48 23
124 49 24
124 50 25
124 51 26
124 52 27
124 53 28
124 54 29
124 55 30
124 56 31
124 57 32
124 59 34
124 60 35
124 61 36
124 62 37
124 63 38
124 64 39
124 65 40
124 66 41
124 68 43
124 69 44
124 70 45
124 71 46
124 72 47
124 73 48
124 74 49
124 75 50
124 76 1
124 77 2
124 78 3
124 79 4
124 80 5
124 82 7
124 83 8
124 84 9
124 86 11
124 88 13
124 89 14
124 90 15
124 91 16
124 92 17
124 93 18
124 94 19
124 95 20
124 96 21
124 97 22
124 98 23
124 99 24
124 100 25
124 101 26
124 102 27
124 103 28
124 104 29
124 105 30
124 106 31
124 108 33
124 109 34
124 110 35
124 111 36
124 112 37
124 113 38
124 114 39
124 115 40
124 116 41
124 117 42
124 118 43
124 119 44
124 120 45
124 121 46
124 122 47
124 123 48
125 1 27
125 2 28
125 3 29
125 4 30
125 5 31
125 7 33
125 8 34
125 9 35
125 10 36
125 11 37
125 12 38
125 13 39
125 14 40
125 15 41
125 16 42
125 17 43
125 18 44
125 19 45
125 20 46
125 21 47
125 22 48
125 23 49
125 24 50
125 25 1
125 26 2
125 28 4
125 29 5
125 30 6
125 31 7
125 32 8
125 33 9
125 34 10
125 35 11
125 36 12
125 37 13
125 38 14
125 39 15
125 40 16
125 42 18
125 44 20
125 45 21
125 46 22
125 47 23
125 48 24
125 49 25
125 50 26
125 52 28
125 53 29
125 54 30
125 55 31
125 56 32
125 57 33
125 58 34
125 59 35
125 60 36
125 61 37
125 62 38
125 63 39
125 64 40
125 65 41
125 66 42
125 67 43
125 68 44
125 69 45
125 70 46
125 71 47
125 72 48
125 73 49
125 74 50
125 75 1
125 76 2
125 77 3
125 78 4
125 79 5
125 80 6
125 81 7
125 82 8
125 84 10
125 85 11
125 86 12
125 87 13
125 88 14
125 89 15
125 90 16
125 91 17
125 92 18
125 93 19
125 94 20
125 96 22
125 97 23
125 98 24
125 99 25
125 101 27
125 102 28
125 103 29
125 104 30
125 105 31
125 106 32
125 107 33
125 108 34
125 109 35
125 110 36
125 111 37
125 112 38
125 113 39
125 114 40
125 115 41
125 116 42
125 117 43
125 118 44
125 119 45
125 120 46
125 121 47
125 122 48
125 123 49
125 124 50
